***************************************************************
[[13, 17, 9, 2, 11], [6, 5, 19, 10, 12], [23, 16, 18, 21, 14], [20, 1, 3, 7, 22], [4, 25, 15, 24, 8]]
1 : [[3, 1], [3, 0], [4, 0], [3, 0], [2, 0], [3, 0], [2, 0], [2, 1], [2, 0], [1, 0], [1, 1], [1, 0], [0, 0]]
2 : [[0, 3], [0, 2], [0, 1]]
3 : [[3, 2], [3, 1], [3, 0], [3, 1], [2, 1], [4, 2], [3, 2], [3, 3], [3, 2], [2, 2], [2, 1], [2, 2], [2, 3], [2, 2], [2, 3], [2, 2], [1, 2], [1, 1], [1, 2], [1, 3], [1, 2], [1, 3], [1, 2], [0, 2]]
4 : [[4, 0], [4, 1], [4, 2], [4, 3], [4, 4], [4, 3], [3, 3], [3, 2], [3, 3], [3, 4], [3, 3], [3, 4], [3, 3], [2, 3], [2, 2], [2, 3], [2, 4], [2, 3], [2, 4], [2, 3], [1, 3], [1, 2], [1, 3], [1, 4], [1, 3], [1, 4], [1, 3], [0, 3]]
5 : [[1, 1], [1, 0], [1, 1], [1, 2], [1, 1], [1, 2], [2, 2], [1, 2], [1, 3], [2, 3], [1, 3], [1, 4], [2, 4], [1, 4], [0, 4]]
6 : [[2, 0], [3, 0], [4, 0], [3, 0], [3, 1], [3, 0], [2, 0], [1, 0]]
7 : [[4, 3], [4, 2], [4, 1], [4, 0], [4, 1], [3, 1], [4, 1], [3, 1], [3, 0], [3, 1], [3, 2], [3, 1], [3, 2], [3, 1], [2, 1], [2, 0], [2, 1], [2, 2], [2, 1], [2, 2], [2, 1], [1, 1]]
8 : [[4, 4], [4, 3], [4, 2], [4, 1], [4, 2], [3, 2], [4, 2], [3, 2], [3, 1], [3, 2], [3, 3], [3, 2], [3, 3], [3, 2], [2, 2], [2, 1], [2, 2], [2, 3], [2, 2], [2, 3], [2, 2], [1, 2]]
9 : [[2, 2], [2, 1], [2, 0], [2, 1], [3, 1], [2, 1], [2, 2], [2, 3], [4, 2], [3, 2], [3, 3], [4, 3], [3, 3], [3, 4], [3, 3], [2, 3], [2, 4], [2, 3], [1, 3]]
10 : [[2, 2], [2, 1], [2, 0], [2, 1], [3, 1], [2, 1], [2, 2], [2, 3], [4, 2], [3, 2], [3, 3], [4, 3], [3, 3], [3, 4], [4, 4], [3, 4], [2, 4], [2, 3], [2, 4], [1, 4]]
11 : [[2, 4], [2, 3], [2, 2], [2, 1], [2, 0]]
12 : [[2, 3], [2, 2], [2, 1]]
13 : [[2, 2]]
14 : [[3, 4], [3, 3], [3, 2], [3, 3], [2, 3]]
15 : [[4, 3], [4, 2], [4, 1], [4, 2], [3, 2], [4, 4], [3, 4], [3, 3], [3, 4], [2, 4]]
16 : [[4, 1], [4, 0], [3, 0]]
17 : [[3, 3], [3, 2], [3, 1]]
18 : [[2, 4], [3, 4], [3, 3], [3, 2]]
19 : [[1, 3]]
20 : [[0, 2]]
21 : [[1, 4]]
22 : [[4, 4], [4, 3], [4, 2], [4, 1]]
23 : [[4, 0]]
24 : [[4, 4], [4, 3]]
25 : [[4, 2]]
***************************************************************
***************************************************************
[[5, 22, 1, 4, 11], [3, 7, 16, 20, 6], [9, 8, 23, 19, 17], [12, 21, 24, 10, 25], [2, 18, 15, 14, 13]]
1 : [[0, 2], [0, 1], [0, 0]]
2 : [[4, 0], [4, 1], [4, 2], [4, 1], [3, 1], [3, 0], [3, 1], [3, 2], [3, 1], [3, 2], [3, 1], [2, 1], [2, 0], [2, 1], [2, 2], [2, 1], [2, 2], [2, 1], [1, 1], [1, 0], [1, 1], [1, 2], [1, 1], [1, 2], [1, 1], [0, 1]]
3 : [[1, 0], [2, 0], [1, 0], [1, 1], [2, 1], [1, 1], [1, 2], [2, 2], [1, 2], [1, 3], [1, 2], [0, 2]]
4 : [[0, 3]]
5 : [[1, 0], [2, 0], [1, 0], [1, 1], [1, 0]]
6 : [[1, 4], [1, 3], [1, 2], [1, 1], [1, 0]]
7 : [[2, 1], [2, 0], [3, 0], [2, 0], [2, 1], [2, 2], [4, 1], [3, 1], [3, 2], [3, 1], [2, 1], [2, 2], [2, 3], [2, 2], [1, 2], [1, 1]]
8 : [[3, 1], [3, 0], [4, 0], [3, 0], [2, 0], [4, 1], [3, 1], [3, 2], [4, 2], [3, 2], [3, 3], [3, 2], [2, 2], [2, 1], [2, 2], [2, 3], [2, 2], [2, 3], [2, 2], [1, 2]]
9 : [[3, 0], [4, 0], [4, 1], [4, 2], [4, 3], [4, 4], [4, 3], [3, 3], [3, 2], [3, 3], [3, 4], [3, 3], [3, 4], [3, 3], [2, 3], [2, 2], [2, 3], [2, 4], [2, 3], [2, 4], [2, 3], [1, 3]]
10 : [[4, 3], [4, 2], [4, 1], [4, 2], [3, 2], [4, 4], [3, 4], [3, 3], [3, 4], [2, 4], [3, 4], [2, 4], [2, 3], [2, 4], [1, 4]]
11 : [[0, 4]]
12 : [[1, 2], [2, 2], [1, 2]]
13 : [[4, 3], [4, 2], [4, 1], [4, 2], [3, 2], [4, 2], [3, 2], [3, 1], [3, 2], [3, 3], [3, 2], [3, 3], [3, 2], [2, 2]]
14 : [[1, 4], [2, 4], [1, 4]]
15 : [[4, 1], [4, 0], [3, 0], [3, 1], [3, 2], [4, 2], [3, 2], [3, 3], [4, 3], [3, 3], [3, 4], [4, 4], [3, 4], [2, 4]]
16 : [[4, 3], [4, 2], [4, 1], [4, 0], [3, 0]]
17 : [[3, 3], [3, 2], [3, 1]]
18 : [[4, 1], [4, 0], [4, 1], [4, 2], [4, 3], [4, 2], [3, 2]]
19 : [[3, 3]]
20 : [[3, 4]]
21 : [[4, 1], [4, 0]]
22 : [[2, 3]]
23 : [[2, 1]]
24 : [[4, 1]]
25 : [[4, 4]]
***************************************************************
***************************************************************
[[7, 17, 25, 15, 3], [18, 5, 21, 16, 4], [10, 19, 6, 9, 12], [2, 24, 1, 11, 13], [14, 20, 8, 22, 23]]
1 : [[3, 2], [3, 1], [3, 0], [4, 0], [3, 0], [2, 0], [3, 0], [2, 0], [2, 1], [2, 0], [1, 0], [1, 1], [1, 0], [0, 0]]
2 : [[3, 1], [3, 0], [4, 0], [3, 0], [2, 0], [4, 1], [3, 1], [3, 2], [3, 1], [2, 1], [2, 0], [2, 1], [2, 2], [2, 1], [2, 2], [2, 1], [1, 1], [1, 0], [1, 1], [1, 2], [1, 1], [1, 2], [1, 1], [0, 1]]
3 : [[0, 4], [0, 3], [0, 2]]
4 : [[1, 4], [1, 3], [1, 2], [1, 3], [0, 3]]
5 : [[2, 1], [2, 0], [3, 0], [2, 0], [1, 0], [3, 1], [2, 1], [2, 2], [3, 2], [2, 2], [2, 3], [3, 3], [2, 3], [2, 4], [3, 4], [2, 4], [1, 4], [1, 3], [1, 4], [0, 4]]
6 : [[2, 1], [2, 0], [3, 0], [2, 0], [1, 0]]
7 : [[2, 1], [2, 0], [3, 0], [2, 0], [2, 1], [2, 2], [4, 1], [3, 1], [3, 2], [3, 1], [2, 1], [2, 2], [2, 3], [2, 2], [1, 2], [1, 1]]
8 : [[4, 2], [4, 1], [4, 0], [4, 1], [3, 1], [4, 3], [4, 2], [3, 2], [3, 1], [3, 2], [3, 3], [3, 2], [3, 3], [3, 2], [2, 2], [2, 1], [2, 2], [2, 3], [2, 2], [2, 3], [2, 2], [1, 2]]
9 : [[2, 1], [2, 0], [3, 0], [2, 0], [2, 1], [2, 2], [4, 1], [3, 1], [3, 2], [4, 2], [3, 2], [3, 3], [4, 3], [3, 3], [3, 4], [3, 3], [2, 3], [2, 2], [2, 3], [2, 4], [2, 3], [2, 4], [2, 3], [1, 3]]
10 : [[0, 1]]
11 : [[3, 2], [3, 1], [3, 0], [4, 0], [3, 0], [2, 0]]
12 : [[3, 3], [3, 2], [3, 1], [3, 0], [3, 1], [2, 1]]
13 : [[3, 4], [3, 3], [3, 2], [3, 1], [3, 2], [2, 2]]
14 : [[4, 0], [4, 1], [4, 2], [4, 3], [4, 4], [4, 3], [3, 3], [3, 2], [3, 3], [3, 4], [3, 3], [3, 4], [3, 3], [2, 3]]
15 : [[1, 4], [2, 4]]
16 : [[1, 4]]
17 : [[3, 1]]
18 : [[4, 3], [4, 2], [4, 1], [4, 2], [3, 2]]
19 : [[4, 0], [4, 1], [4, 2], [4, 3], [4, 4], [4, 3], [3, 3]]
20 : [[1, 2]]
21 : [[3, 4], [4, 4], [3, 4]]
22 : [[4, 2], [4, 1]]
23 : [[4, 4], [4, 3], [4, 2]]
24 : [[4, 0]]
25 : [[4, 4]]
***************************************************************
